[location]
zip = 19610
latitude = 40.319829
longitude = -75.986286
